1.496056318283081055e+00
6.991212368011474609e-01
7.262151241302490234e-01
7.599732875823974609e-01
7.055735588073730469e-01
7.906708717346191406e-01
7.433230876922607422e-01
7.167949676513671875e-01
7.371902465820312500e-01
7.550556659698486328e-01
7.449467182159423828e-01
6.940131187438964844e-01
7.572333812713623047e-01
7.470762729644775391e-01
7.024843692779541016e-01
6.826179027557373047e-01
7.166109085083007812e-01
7.127349376678466797e-01
6.908097267150878906e-01
7.434675693511962891e-01
7.241909503936767578e-01
6.921014785766601562e-01
7.584390640258789062e-01
7.458658218383789062e-01
6.485981941223144531e-01
7.328398227691650391e-01
7.352426052093505859e-01
6.563560962677001953e-01
7.214646339416503906e-01
7.442674636840820312e-01
7.375800609588623047e-01
6.680309772491455078e-01
7.075777053833007812e-01
7.134730815887451172e-01
7.053427696228027344e-01
7.837238311767578125e-01
6.879942417144775391e-01
6.782085895538330078e-01
7.508029937744140625e-01
7.711603641510009766e-01
7.845325469970703125e-01
7.747170925140380859e-01
6.576802730560302734e-01
8.178095817565917969e-01
7.816011905670166016e-01
7.847533226013183594e-01
7.858698368072509766e-01
7.866680622100830078e-01
7.659714221954345703e-01
7.071609497070312500e-01
7.608785629272460938e-01
7.935237884521484375e-01
7.833580970764160156e-01
7.308409214019775391e-01
6.576035022735595703e-01
7.259621620178222656e-01
7.442688941955566406e-01
7.256791591644287109e-01
6.665444374084472656e-01
7.499084472656250000e-01
7.012798786163330078e-01
6.702303886413574219e-01
7.179656028747558594e-01
7.066862583160400391e-01
6.522133350372314453e-01
7.570047378540039062e-01
6.796746253967285156e-01
7.346484661102294922e-01
7.071666717529296875e-01
6.510474681854248047e-01
7.544906139373779297e-01
6.788368225097656250e-01
7.780172824859619141e-01
7.963116168975830078e-01
7.835404872894287109e-01
7.847127914428710938e-01
7.374703884124755859e-01
6.953792572021484375e-01
8.117780685424804688e-01
7.905066013336181641e-01
7.773211002349853516e-01
7.416846752166748047e-01
7.918272018432617188e-01
6.891362667083740234e-01
7.614560127258300781e-01
7.947695255279541016e-01
7.848515510559082031e-01
7.910645008087158203e-01
7.869534492492675781e-01
7.889320850372314453e-01
7.900071144104003906e-01
7.882258892059326172e-01
6.850426197052001953e-01
7.400941848754882812e-01
7.254788875579833984e-01
6.557123661041259766e-01
7.148921489715576172e-01
7.181460857391357422e-01
6.870508193969726562e-01
7.514419555664062500e-01
6.937661170959472656e-01
6.711068153381347656e-01
7.228465080261230469e-01
7.085926532745361328e-01
6.948473453521728516e-01
7.468557357788085938e-01
7.139501571655273438e-01
6.931028366088867188e-01
7.160656452178955078e-01
7.146525382995605469e-01
8.049664497375488281e-01
6.778368949890136719e-01
7.196278572082519531e-01
7.363245487213134766e-01
6.672213077545166016e-01
7.396578788757324219e-01
7.023658752441406250e-01
