8.259496688842773438e-01
5.270292758941650391e-01
5.614471435546875000e-01
5.606286525726318359e-01
5.706615447998046875e-01
5.588812828063964844e-01
5.714437961578369141e-01
5.513479709625244141e-01
6.283621788024902344e-01
5.446584224700927734e-01
5.538012981414794922e-01
5.311434268951416016e-01
5.613636970520019531e-01
5.165457725524902344e-01
6.340959072113037109e-01
5.260548591613769531e-01
5.627131462097167969e-01
5.172121524810791016e-01
5.612967014312744141e-01
5.195744037628173828e-01
5.456268787384033203e-01
5.594520568847656250e-01
5.187928676605224609e-01
5.647201538085937500e-01
5.192885398864746094e-01
5.605959892272949219e-01
5.180511474609375000e-01
5.584588050842285156e-01
5.367543697357177734e-01
7.350318431854248047e-01
